{
 "cells": [
  {
   "cell_type": "code",
   "execution_count": 1,
   "id": "bfe5239e-253f-435d-999f-70a416a33c23",
   "metadata": {},
   "outputs": [],
   "source": [
    "import pandas as pd\n",
    "from scipy.stats import chi2_contingency"
   ]
  },
  {
   "cell_type": "code",
   "execution_count": 2,
   "id": "f88a0ae1-cbc4-49e8-9d41-3af6e5affff1",
   "metadata": {},
   "outputs": [],
   "source": [
    "# Load the CSV file\n",
    "file_path = \"cleaneddata_NGS2.csv\"\n",
    "df = pd.read_csv(file_path)"
   ]
  },
  {
   "cell_type": "code",
   "execution_count": 3,
   "id": "46eb5f60-6cc6-48ea-914e-986638e72814",
   "metadata": {},
   "outputs": [],
   "source": [
    "# Relevant columns to analyze\n",
    "columns_to_analyze = [\n",
    "    'How often does your organization provide cybersecurity training specifically tailored to NGS operations',  # Q5\n",
    "    'How often do you participate in cybersecurity training or awareness programs specifically tailored for NGS data security',  # Q6\n",
    "    'How confident are you in identifying a cybersecurity threat specific to NGS operations',  # Q7\n",
    "    'How relevant do you find the cybersecurity training content to your day-to-day responsibilities',  # Q8\n",
    "    'Since the last cybersecurity training session, have you encountered situations where you applied the knowledge learned',  # Q9\n",
    "    'Have you or anyone in your team ever detected a potential cybersecurity threat'  # Q10\n",
    "]\n",
    "\n",
    "# Rename columns for easier reference\n",
    "\n",
    "#df.rename(columns={\n",
    "#    'How often does your organization provide cybersecurity training specifically tailored to NGS operations': 'training_frequency',\n",
    "#    'How often do you participate in cybersecurity training or awareness programs specifically tailored for NGS data security': 'training_participation',\n",
    "#    'How confident are you in identifying a cybersecurity threat specific to NGS operations': 'threat_identification_confidence',\n",
    "#    'How relevant do you find the cybersecurity training content to your day-to-day responsibilities': 'training_relevance',\n",
    "#    'Since the last cybersecurity training session, have you encountered situations where you applied the knowledge learned': 'applied_knowledge',\n",
    "#    'Have you or anyone in your team ever detected a potential cybersecurity threat to NGS or other sensitive data?': 'detected_threat'\n",
    "#}, inplace=True)\n",
    "\n",
    "# Perform Chi-Square tests for each pair of questions\n",
    "results = {}"
   ]
  },
  {
   "cell_type": "code",
   "execution_count": 4,
   "id": "53225b56-0f79-46c1-8005-99ff68f7d45a",
   "metadata": {},
   "outputs": [],
   "source": [
    "for col1 in columns_to_analyze:\n",
    "    for col2 in columns_to_analyze:\n",
    "        if col1 != col2:\n",
    "            # Create a contingency table\n",
    "            contingency_table = pd.crosstab(df[col1], df[col2])\n",
    "            \n",
    "            # Perform the Chi-Square test\n",
    "            chi2, p, dof, expected = chi2_contingency(contingency_table)\n",
    "            \n",
    "            # Store the results\n",
    "            results[(col1, col2)] = {\n",
    "                'Chi-Square Statistic': chi2,\n",
    "                'p-value': p,\n",
    "                'Degrees of Freedom': dof,\n",
    "                'Expected Frequencies': expected\n",
    "            }"
   ]
  },
  {
   "cell_type": "code",
   "execution_count": 5,
   "id": "ace63907-254a-4ec1-8629-9f02ee96d4d9",
   "metadata": {},
   "outputs": [
    {
     "name": "stdout",
     "output_type": "stream",
     "text": [
      "Chi-Square Test between How often does your organization provide cybersecurity training specifically tailored to NGS operations and How often do you participate in cybersecurity training or awareness programs specifically tailored for NGS data security:\n",
      "Chi-Square Statistic: 65.4253349983864\n",
      "p-value: 2.274562682906697e-09\n",
      "Degrees of Freedom: 12\n",
      "\n",
      "Expected Frequencies:\n",
      "[[ 8.          6.88888889  7.33333333  1.77777778]\n",
      " [ 6.33333333  5.4537037   5.80555556  1.40740741]\n",
      " [ 3.33333333  2.87037037  3.05555556  0.74074074]\n",
      " [14.66666667 12.62962963 13.44444444  3.25925926]\n",
      " [ 3.66666667  3.15740741  3.36111111  0.81481481]]\n",
      "\n",
      "--------------------------------------------------\n",
      "\n",
      "Chi-Square Test between How often does your organization provide cybersecurity training specifically tailored to NGS operations and How confident are you in identifying a cybersecurity threat specific to NGS operations:\n",
      "Chi-Square Statistic: 63.78477343090346\n",
      "p-value: 4.5694364188699225e-09\n",
      "Degrees of Freedom: 12\n",
      "\n",
      "Expected Frequencies:\n",
      "[[11.33333333  5.77777778  2.88888889  4.        ]\n",
      " [ 8.97222222  4.57407407  2.28703704  3.16666667]\n",
      " [ 4.72222222  2.40740741  1.2037037   1.66666667]\n",
      " [20.77777778 10.59259259  5.2962963   7.33333333]\n",
      " [ 5.19444444  2.64814815  1.32407407  1.83333333]]\n",
      "\n",
      "--------------------------------------------------\n",
      "\n",
      "Chi-Square Test between How often does your organization provide cybersecurity training specifically tailored to NGS operations and How relevant do you find the cybersecurity training content to your day-to-day responsibilities:\n",
      "Chi-Square Statistic: 29.830178660843444\n",
      "p-value: 0.018902950094482326\n",
      "Degrees of Freedom: 16\n",
      "\n",
      "Expected Frequencies:\n",
      "[[ 9.55555556  0.22222222  5.33333333  7.11111111  1.77777778]\n",
      " [ 7.56481481  0.17592593  4.22222222  5.62962963  1.40740741]\n",
      " [ 3.98148148  0.09259259  2.22222222  2.96296296  0.74074074]\n",
      " [17.51851852  0.40740741  9.77777778 13.03703704  3.25925926]\n",
      " [ 4.37962963  0.10185185  2.44444444  3.25925926  0.81481481]]\n",
      "\n",
      "--------------------------------------------------\n",
      "\n",
      "Chi-Square Test between How often does your organization provide cybersecurity training specifically tailored to NGS operations and Since the last cybersecurity training session, have you encountered situations where you applied the knowledge learned:\n",
      "Chi-Square Statistic: 31.739222055034745\n",
      "p-value: 0.0015179175651927695\n",
      "Degrees of Freedom: 12\n",
      "\n",
      "Expected Frequencies:\n",
      "[[ 3.77777778  8.66666667  4.44444444  7.11111111]\n",
      " [ 2.99074074  6.86111111  3.51851852  5.62962963]\n",
      " [ 1.57407407  3.61111111  1.85185185  2.96296296]\n",
      " [ 6.92592593 15.88888889  8.14814815 13.03703704]\n",
      " [ 1.73148148  3.97222222  2.03703704  3.25925926]]\n",
      "\n",
      "--------------------------------------------------\n",
      "\n",
      "Chi-Square Test between How often does your organization provide cybersecurity training specifically tailored to NGS operations and Have you or anyone in your team ever detected a potential cybersecurity threat:\n",
      "Chi-Square Statistic: 21.42040740566149\n",
      "p-value: 0.006110650656128035\n",
      "Degrees of Freedom: 8\n",
      "\n",
      "Expected Frequencies:\n",
      "[[ 6.44444444 14.          3.55555556]\n",
      " [ 5.10185185 11.08333333  2.81481481]\n",
      " [ 2.68518519  5.83333333  1.48148148]\n",
      " [11.81481481 25.66666667  6.51851852]\n",
      " [ 2.9537037   6.41666667  1.62962963]]\n",
      "\n",
      "--------------------------------------------------\n",
      "\n",
      "Chi-Square Test between How often do you participate in cybersecurity training or awareness programs specifically tailored for NGS data security and How often does your organization provide cybersecurity training specifically tailored to NGS operations:\n",
      "Chi-Square Statistic: 65.4253349983864\n",
      "p-value: 2.274562682906697e-09\n",
      "Degrees of Freedom: 12\n",
      "\n",
      "Expected Frequencies:\n",
      "[[ 8.          6.33333333  3.33333333 14.66666667  3.66666667]\n",
      " [ 6.88888889  5.4537037   2.87037037 12.62962963  3.15740741]\n",
      " [ 7.33333333  5.80555556  3.05555556 13.44444444  3.36111111]\n",
      " [ 1.77777778  1.40740741  0.74074074  3.25925926  0.81481481]]\n",
      "\n",
      "--------------------------------------------------\n",
      "\n",
      "Chi-Square Test between How often do you participate in cybersecurity training or awareness programs specifically tailored for NGS data security and How confident are you in identifying a cybersecurity threat specific to NGS operations:\n",
      "Chi-Square Statistic: 27.229202328348443\n",
      "p-value: 0.0012817055328527213\n",
      "Degrees of Freedom: 9\n",
      "\n",
      "Expected Frequencies:\n",
      "[[17.          8.66666667  4.33333333  6.        ]\n",
      " [14.63888889  7.46296296  3.73148148  5.16666667]\n",
      " [15.58333333  7.94444444  3.97222222  5.5       ]\n",
      " [ 3.77777778  1.92592593  0.96296296  1.33333333]]\n",
      "\n",
      "--------------------------------------------------\n",
      "\n",
      "Chi-Square Test between How often do you participate in cybersecurity training or awareness programs specifically tailored for NGS data security and How relevant do you find the cybersecurity training content to your day-to-day responsibilities:\n",
      "Chi-Square Statistic: 27.412950538771053\n",
      "p-value: 0.006735508103849734\n",
      "Degrees of Freedom: 12\n",
      "\n",
      "Expected Frequencies:\n",
      "[[14.33333333  0.33333333  8.         10.66666667  2.66666667]\n",
      " [12.34259259  0.28703704  6.88888889  9.18518519  2.2962963 ]\n",
      " [13.13888889  0.30555556  7.33333333  9.77777778  2.44444444]\n",
      " [ 3.18518519  0.07407407  1.77777778  2.37037037  0.59259259]]\n",
      "\n",
      "--------------------------------------------------\n",
      "\n",
      "Chi-Square Test between How often do you participate in cybersecurity training or awareness programs specifically tailored for NGS data security and Since the last cybersecurity training session, have you encountered situations where you applied the knowledge learned:\n",
      "Chi-Square Statistic: 28.636363263159986\n",
      "p-value: 0.0007461630073068143\n",
      "Degrees of Freedom: 9\n",
      "\n",
      "Expected Frequencies:\n",
      "[[ 5.66666667 13.          6.66666667 10.66666667]\n",
      " [ 4.87962963 11.19444444  5.74074074  9.18518519]\n",
      " [ 5.19444444 11.91666667  6.11111111  9.77777778]\n",
      " [ 1.25925926  2.88888889  1.48148148  2.37037037]]\n",
      "\n",
      "--------------------------------------------------\n",
      "\n",
      "Chi-Square Test between How often do you participate in cybersecurity training or awareness programs specifically tailored for NGS data security and Have you or anyone in your team ever detected a potential cybersecurity threat:\n",
      "Chi-Square Statistic: 21.370877303545548\n",
      "p-value: 0.001573265079021043\n",
      "Degrees of Freedom: 6\n",
      "\n",
      "Expected Frequencies:\n",
      "[[ 9.66666667 21.          5.33333333]\n",
      " [ 8.32407407 18.08333333  4.59259259]\n",
      " [ 8.86111111 19.25        4.88888889]\n",
      " [ 2.14814815  4.66666667  1.18518519]]\n",
      "\n",
      "--------------------------------------------------\n",
      "\n",
      "Chi-Square Test between How confident are you in identifying a cybersecurity threat specific to NGS operations and How often does your organization provide cybersecurity training specifically tailored to NGS operations:\n",
      "Chi-Square Statistic: 63.784773430903456\n",
      "p-value: 4.569436418869938e-09\n",
      "Degrees of Freedom: 12\n",
      "\n",
      "Expected Frequencies:\n",
      "[[11.33333333  8.97222222  4.72222222 20.77777778  5.19444444]\n",
      " [ 5.77777778  4.57407407  2.40740741 10.59259259  2.64814815]\n",
      " [ 2.88888889  2.28703704  1.2037037   5.2962963   1.32407407]\n",
      " [ 4.          3.16666667  1.66666667  7.33333333  1.83333333]]\n",
      "\n",
      "--------------------------------------------------\n",
      "\n",
      "Chi-Square Test between How confident are you in identifying a cybersecurity threat specific to NGS operations and How often do you participate in cybersecurity training or awareness programs specifically tailored for NGS data security:\n",
      "Chi-Square Statistic: 27.22920232834844\n",
      "p-value: 0.001281705532852724\n",
      "Degrees of Freedom: 9\n",
      "\n",
      "Expected Frequencies:\n",
      "[[17.         14.63888889 15.58333333  3.77777778]\n",
      " [ 8.66666667  7.46296296  7.94444444  1.92592593]\n",
      " [ 4.33333333  3.73148148  3.97222222  0.96296296]\n",
      " [ 6.          5.16666667  5.5         1.33333333]]\n",
      "\n",
      "--------------------------------------------------\n",
      "\n",
      "Chi-Square Test between How confident are you in identifying a cybersecurity threat specific to NGS operations and How relevant do you find the cybersecurity training content to your day-to-day responsibilities:\n",
      "Chi-Square Statistic: 26.089248132168787\n",
      "p-value: 0.010426051600263555\n",
      "Degrees of Freedom: 12\n",
      "\n",
      "Expected Frequencies:\n",
      "[[20.30555556  0.47222222 11.33333333 15.11111111  3.77777778]\n",
      " [10.35185185  0.24074074  5.77777778  7.7037037   1.92592593]\n",
      " [ 5.17592593  0.12037037  2.88888889  3.85185185  0.96296296]\n",
      " [ 7.16666667  0.16666667  4.          5.33333333  1.33333333]]\n",
      "\n",
      "--------------------------------------------------\n",
      "\n",
      "Chi-Square Test between How confident are you in identifying a cybersecurity threat specific to NGS operations and Since the last cybersecurity training session, have you encountered situations where you applied the knowledge learned:\n",
      "Chi-Square Statistic: 18.72552287012961\n",
      "p-value: 0.02763053838083406\n",
      "Degrees of Freedom: 9\n",
      "\n",
      "Expected Frequencies:\n",
      "[[ 8.02777778 18.41666667  9.44444444 15.11111111]\n",
      " [ 4.09259259  9.38888889  4.81481481  7.7037037 ]\n",
      " [ 2.0462963   4.69444444  2.40740741  3.85185185]\n",
      " [ 2.83333333  6.5         3.33333333  5.33333333]]\n",
      "\n",
      "--------------------------------------------------\n",
      "\n",
      "Chi-Square Test between How confident are you in identifying a cybersecurity threat specific to NGS operations and Have you or anyone in your team ever detected a potential cybersecurity threat:\n",
      "Chi-Square Statistic: 8.466687470744267\n",
      "p-value: 0.2058662921684043\n",
      "Degrees of Freedom: 6\n",
      "\n",
      "Expected Frequencies:\n",
      "[[13.69444444 29.75        7.55555556]\n",
      " [ 6.98148148 15.16666667  3.85185185]\n",
      " [ 3.49074074  7.58333333  1.92592593]\n",
      " [ 4.83333333 10.5         2.66666667]]\n",
      "\n",
      "--------------------------------------------------\n",
      "\n",
      "Chi-Square Test between How relevant do you find the cybersecurity training content to your day-to-day responsibilities and How often does your organization provide cybersecurity training specifically tailored to NGS operations:\n",
      "Chi-Square Statistic: 29.830178660843444\n",
      "p-value: 0.018902950094482326\n",
      "Degrees of Freedom: 16\n",
      "\n",
      "Expected Frequencies:\n",
      "[[ 9.55555556  7.56481481  3.98148148 17.51851852  4.37962963]\n",
      " [ 0.22222222  0.17592593  0.09259259  0.40740741  0.10185185]\n",
      " [ 5.33333333  4.22222222  2.22222222  9.77777778  2.44444444]\n",
      " [ 7.11111111  5.62962963  2.96296296 13.03703704  3.25925926]\n",
      " [ 1.77777778  1.40740741  0.74074074  3.25925926  0.81481481]]\n",
      "\n",
      "--------------------------------------------------\n",
      "\n",
      "Chi-Square Test between How relevant do you find the cybersecurity training content to your day-to-day responsibilities and How often do you participate in cybersecurity training or awareness programs specifically tailored for NGS data security:\n",
      "Chi-Square Statistic: 27.412950538771057\n",
      "p-value: 0.006735508103849722\n",
      "Degrees of Freedom: 12\n",
      "\n",
      "Expected Frequencies:\n",
      "[[14.33333333 12.34259259 13.13888889  3.18518519]\n",
      " [ 0.33333333  0.28703704  0.30555556  0.07407407]\n",
      " [ 8.          6.88888889  7.33333333  1.77777778]\n",
      " [10.66666667  9.18518519  9.77777778  2.37037037]\n",
      " [ 2.66666667  2.2962963   2.44444444  0.59259259]]\n",
      "\n",
      "--------------------------------------------------\n",
      "\n",
      "Chi-Square Test between How relevant do you find the cybersecurity training content to your day-to-day responsibilities and How confident are you in identifying a cybersecurity threat specific to NGS operations:\n",
      "Chi-Square Statistic: 26.089248132168787\n",
      "p-value: 0.010426051600263555\n",
      "Degrees of Freedom: 12\n",
      "\n",
      "Expected Frequencies:\n",
      "[[20.30555556 10.35185185  5.17592593  7.16666667]\n",
      " [ 0.47222222  0.24074074  0.12037037  0.16666667]\n",
      " [11.33333333  5.77777778  2.88888889  4.        ]\n",
      " [15.11111111  7.7037037   3.85185185  5.33333333]\n",
      " [ 3.77777778  1.92592593  0.96296296  1.33333333]]\n",
      "\n",
      "--------------------------------------------------\n",
      "\n",
      "Chi-Square Test between How relevant do you find the cybersecurity training content to your day-to-day responsibilities and Since the last cybersecurity training session, have you encountered situations where you applied the knowledge learned:\n",
      "Chi-Square Statistic: 41.63205468010101\n",
      "p-value: 3.84015204290878e-05\n",
      "Degrees of Freedom: 12\n",
      "\n",
      "Expected Frequencies:\n",
      "[[ 6.76851852 15.52777778  7.96296296 12.74074074]\n",
      " [ 0.15740741  0.36111111  0.18518519  0.2962963 ]\n",
      " [ 3.77777778  8.66666667  4.44444444  7.11111111]\n",
      " [ 5.03703704 11.55555556  5.92592593  9.48148148]\n",
      " [ 1.25925926  2.88888889  1.48148148  2.37037037]]\n",
      "\n",
      "--------------------------------------------------\n",
      "\n",
      "Chi-Square Test between How relevant do you find the cybersecurity training content to your day-to-day responsibilities and Have you or anyone in your team ever detected a potential cybersecurity threat:\n",
      "Chi-Square Statistic: 20.19364600040096\n",
      "p-value: 0.009627732677217065\n",
      "Degrees of Freedom: 8\n",
      "\n",
      "Expected Frequencies:\n",
      "[[11.5462963  25.08333333  6.37037037]\n",
      " [ 0.26851852  0.58333333  0.14814815]\n",
      " [ 6.44444444 14.          3.55555556]\n",
      " [ 8.59259259 18.66666667  4.74074074]\n",
      " [ 2.14814815  4.66666667  1.18518519]]\n",
      "\n",
      "--------------------------------------------------\n",
      "\n",
      "Chi-Square Test between Since the last cybersecurity training session, have you encountered situations where you applied the knowledge learned and How often does your organization provide cybersecurity training specifically tailored to NGS operations:\n",
      "Chi-Square Statistic: 31.739222055034745\n",
      "p-value: 0.0015179175651927695\n",
      "Degrees of Freedom: 12\n",
      "\n",
      "Expected Frequencies:\n",
      "[[ 3.77777778  2.99074074  1.57407407  6.92592593  1.73148148]\n",
      " [ 8.66666667  6.86111111  3.61111111 15.88888889  3.97222222]\n",
      " [ 4.44444444  3.51851852  1.85185185  8.14814815  2.03703704]\n",
      " [ 7.11111111  5.62962963  2.96296296 13.03703704  3.25925926]]\n",
      "\n",
      "--------------------------------------------------\n",
      "\n",
      "Chi-Square Test between Since the last cybersecurity training session, have you encountered situations where you applied the knowledge learned and How often do you participate in cybersecurity training or awareness programs specifically tailored for NGS data security:\n",
      "Chi-Square Statistic: 28.63636326315999\n",
      "p-value: 0.0007461630073068128\n",
      "Degrees of Freedom: 9\n",
      "\n",
      "Expected Frequencies:\n",
      "[[ 5.66666667  4.87962963  5.19444444  1.25925926]\n",
      " [13.         11.19444444 11.91666667  2.88888889]\n",
      " [ 6.66666667  5.74074074  6.11111111  1.48148148]\n",
      " [10.66666667  9.18518519  9.77777778  2.37037037]]\n",
      "\n",
      "--------------------------------------------------\n",
      "\n",
      "Chi-Square Test between Since the last cybersecurity training session, have you encountered situations where you applied the knowledge learned and How confident are you in identifying a cybersecurity threat specific to NGS operations:\n",
      "Chi-Square Statistic: 18.725522870129602\n",
      "p-value: 0.027630538380834166\n",
      "Degrees of Freedom: 9\n",
      "\n",
      "Expected Frequencies:\n",
      "[[ 8.02777778  4.09259259  2.0462963   2.83333333]\n",
      " [18.41666667  9.38888889  4.69444444  6.5       ]\n",
      " [ 9.44444444  4.81481481  2.40740741  3.33333333]\n",
      " [15.11111111  7.7037037   3.85185185  5.33333333]]\n",
      "\n",
      "--------------------------------------------------\n",
      "\n",
      "Chi-Square Test between Since the last cybersecurity training session, have you encountered situations where you applied the knowledge learned and How relevant do you find the cybersecurity training content to your day-to-day responsibilities:\n",
      "Chi-Square Statistic: 41.63205468010102\n",
      "p-value: 3.8401520429087494e-05\n",
      "Degrees of Freedom: 12\n",
      "\n",
      "Expected Frequencies:\n",
      "[[ 6.76851852  0.15740741  3.77777778  5.03703704  1.25925926]\n",
      " [15.52777778  0.36111111  8.66666667 11.55555556  2.88888889]\n",
      " [ 7.96296296  0.18518519  4.44444444  5.92592593  1.48148148]\n",
      " [12.74074074  0.2962963   7.11111111  9.48148148  2.37037037]]\n",
      "\n",
      "--------------------------------------------------\n",
      "\n",
      "Chi-Square Test between Since the last cybersecurity training session, have you encountered situations where you applied the knowledge learned and Have you or anyone in your team ever detected a potential cybersecurity threat:\n",
      "Chi-Square Statistic: 28.162240599157435\n",
      "p-value: 8.757692071908787e-05\n",
      "Degrees of Freedom: 6\n",
      "\n",
      "Expected Frequencies:\n",
      "[[ 4.56481481  9.91666667  2.51851852]\n",
      " [10.47222222 22.75        5.77777778]\n",
      " [ 5.37037037 11.66666667  2.96296296]\n",
      " [ 8.59259259 18.66666667  4.74074074]]\n",
      "\n",
      "--------------------------------------------------\n",
      "\n",
      "Chi-Square Test between Have you or anyone in your team ever detected a potential cybersecurity threat and How often does your organization provide cybersecurity training specifically tailored to NGS operations:\n",
      "Chi-Square Statistic: 21.420407405661493\n",
      "p-value: 0.006110650656128033\n",
      "Degrees of Freedom: 8\n",
      "\n",
      "Expected Frequencies:\n",
      "[[ 6.44444444  5.10185185  2.68518519 11.81481481  2.9537037 ]\n",
      " [14.         11.08333333  5.83333333 25.66666667  6.41666667]\n",
      " [ 3.55555556  2.81481481  1.48148148  6.51851852  1.62962963]]\n",
      "\n",
      "--------------------------------------------------\n",
      "\n",
      "Chi-Square Test between Have you or anyone in your team ever detected a potential cybersecurity threat and How often do you participate in cybersecurity training or awareness programs specifically tailored for NGS data security:\n",
      "Chi-Square Statistic: 21.37087730354555\n",
      "p-value: 0.00157326507902104\n",
      "Degrees of Freedom: 6\n",
      "\n",
      "Expected Frequencies:\n",
      "[[ 9.66666667  8.32407407  8.86111111  2.14814815]\n",
      " [21.         18.08333333 19.25        4.66666667]\n",
      " [ 5.33333333  4.59259259  4.88888889  1.18518519]]\n",
      "\n",
      "--------------------------------------------------\n",
      "\n",
      "Chi-Square Test between Have you or anyone in your team ever detected a potential cybersecurity threat and How confident are you in identifying a cybersecurity threat specific to NGS operations:\n",
      "Chi-Square Statistic: 8.466687470744267\n",
      "p-value: 0.2058662921684043\n",
      "Degrees of Freedom: 6\n",
      "\n",
      "Expected Frequencies:\n",
      "[[13.69444444  6.98148148  3.49074074  4.83333333]\n",
      " [29.75       15.16666667  7.58333333 10.5       ]\n",
      " [ 7.55555556  3.85185185  1.92592593  2.66666667]]\n",
      "\n",
      "--------------------------------------------------\n",
      "\n",
      "Chi-Square Test between Have you or anyone in your team ever detected a potential cybersecurity threat and How relevant do you find the cybersecurity training content to your day-to-day responsibilities:\n",
      "Chi-Square Statistic: 20.193646000400964\n",
      "p-value: 0.009627732677217043\n",
      "Degrees of Freedom: 8\n",
      "\n",
      "Expected Frequencies:\n",
      "[[11.5462963   0.26851852  6.44444444  8.59259259  2.14814815]\n",
      " [25.08333333  0.58333333 14.         18.66666667  4.66666667]\n",
      " [ 6.37037037  0.14814815  3.55555556  4.74074074  1.18518519]]\n",
      "\n",
      "--------------------------------------------------\n",
      "\n",
      "Chi-Square Test between Have you or anyone in your team ever detected a potential cybersecurity threat and Since the last cybersecurity training session, have you encountered situations where you applied the knowledge learned:\n",
      "Chi-Square Statistic: 28.162240599157432\n",
      "p-value: 8.757692071908804e-05\n",
      "Degrees of Freedom: 6\n",
      "\n",
      "Expected Frequencies:\n",
      "[[ 4.56481481 10.47222222  5.37037037  8.59259259]\n",
      " [ 9.91666667 22.75       11.66666667 18.66666667]\n",
      " [ 2.51851852  5.77777778  2.96296296  4.74074074]]\n",
      "\n",
      "--------------------------------------------------\n",
      "\n"
     ]
    }
   ],
   "source": [
    "# Display the results for each pair\n",
    "for pair, result in results.items():\n",
    "    print(f\"Chi-Square Test between {pair[0]} and {pair[1]}:\")\n",
    "    print(f\"Chi-Square Statistic: {result['Chi-Square Statistic']}\")\n",
    "    print(f\"p-value: {result['p-value']}\")\n",
    "    print(f\"Degrees of Freedom: {result['Degrees of Freedom']}\")\n",
    "    print(\"\\nExpected Frequencies:\")\n",
    "    print(result['Expected Frequencies'])\n",
    "    print(\"\\n\" + \"-\"*50 + \"\\n\")"
   ]
  },
  {
   "cell_type": "code",
   "execution_count": 18,
   "id": "ae6f3194-62d5-451f-9f79-b68794dc6966",
   "metadata": {},
   "outputs": [
    {
     "data": {
